# total_scans #1
0.0 0.0
7.0 0.0
7.0 1.0
14.0 1.0
14.0 2.0
15.74575645220466 2.0
15.74575645220466 3.0
17.0 3.0
17.0 4.0
20.0 4.0
20.0 5.0
22.74575645220466 5.0
22.74575645220466 6.0
24.72233675112666 6.0
24.74575645220466 7.0
24.74575645220466 7.0
27.0 7.0
27.0 8.0
27.72233675112666 8.0
27.74575645220466 9.0
27.74575645220466 9.0
28.57566761528142 9.0
28.57566761528142 10.0
29.74575645220466 10.0
29.74575645220466 11.0
30.0 11.0
30.0 12.0
31.18918149592355 12.0
31.18918149592355 13.0
32.72233675112665 13.0
32.72233675112665 13.0
# total_scans #2
0.0 0.0
7.0 0.0
7.0 1.0
14.0 1.0
14.0 2.0
15.60393969994038 2.0
15.60393969994038 3.0
17.0 3.0
17.0 4.0
22.60393969994038 4.0
22.60393969994038 5.0
24.0 5.0
24.0 6.0
24.14701080951082 6.0
24.14701080951082 7.0
25.60393969994038 7.0
25.60393969994038 8.0
27.0 8.0
27.0 9.0
28.60393969994038 9.0
28.60393969994038 10.0
31.14701080951082 10.0
31.14701080951082 11.0
31.60393969994038 11.0
31.60393969994038 12.0
32.0 12.0
32.0 13.0
33.12763379444542 13.0
33.12763379444542 14.0
34.14701080951082 14.0
34.14701080951082 15.0
35.0 15.0
35.0 16.0
36.60393969994038 16.0
36.60393969994038 16.0
# total_scans #3
0.0 0.0
7.0 0.0
7.0 1.0
14.0 1.0
14.0 2.0
15.8215423731599 2.0
15.8215423731599 3.0
18.8215423731599 3.0
18.8215423731599 4.0
21.0 4.0
21.0 5.0
22.6237083079759 5.0
22.6237083079759 6.0
25.8215423731599 6.0
25.8215423731599 7.0
27.23311275220339 7.0
27.23311275220339 8.0
27.6237083079759 8.0
27.6237083079759 8.0
# total_scans #4
0.0 0.0
7.0 0.0
7.0 1.0
14.0 1.0
14.0 2.0
15.25324628106318 2.0
15.25324628106318 3.0
18.25324628106318 3.0
18.25324628106318 4.0
21.0 4.0
21.0 5.0
21.25324628106318 5.0
21.25324628106318 6.0
22.07134127942845 6.0
22.07134127942845 7.0
25.07134127942845 7.0
25.07134127942845 8.0
28.0 8.0
28.0 9.0
28.25324628106318 9.0
28.25324628106318 10.0
29.08215792969862 10.0
29.08215792969862 11.0
30.07134127942845 11.0
30.07134127942845 11.0
# total_scans #5
0.0 0.0
7.0 0.0
7.0 1.0
14.0 1.0
14.0 2.0
15.40514202741906 2.0
15.40514202741906 3.0
18.40514202741906 3.0
18.40514202741906 4.0
21.0 4.0
21.0 5.0
22.14774976088665 5.0
22.14774976088665 6.0
24.0 6.0
24.0 7.0
25.40514202741906 7.0
25.40514202741906 8.0
26.14774976088665 8.0
26.14774976088665 9.0
27.0 9.0
27.0 10.0
27.15775616839519 10.0
27.15775616839519 11.0
28.40514202741906 11.0
28.40514202741906 12.0
29.14774976088665 12.0
29.15775616839519 13.0
29.15775616839519 13.0
30.0 13.0
30.0 14.0
33.0 14.0
33.0 15.0
34.15775616839519 15.0
34.15775616839519 16.0
34.40514202741906 16.0
34.40514202741906 17.0
35.14774976088665 17.0
35.15775616839519 18.0
35.15775616839519 18.0
36.0 18.0
36.0 19.0
36.10124130772834 19.0
36.10124130772834 20.0
37.15775616839519 20.0
37.15775616839519 21.0
37.40514202741906 21.0
37.40514202741906 22.0
38.14774976088665 22.0
38.15775616839519 23.0
38.15775616839519 23.0
39.0 23.0
39.0 24.0
39.10124130772834 24.0
39.10124130772834 25.0
40.15775616839519 25.0
40.15775616839519 26.0
40.40514202741906 26.0
40.40514202741906 27.0
41.14774976088665 27.0
41.15775616839519 28.0
41.15775616839519 28.0
42.0 28.0
42.0 29.0
43.15775616839519 29.0
43.15775616839519 30.0
43.40514202741906 30.0
43.40514202741906 31.0
44.10124130772834 31.0
44.10124130772834 31.0
# total_scans #6
0.0 0.0
7.0 0.0
7.0 1.0
14.0 1.0
14.0 2.0
15.09449633629993 2.0
15.09449633629993 3.0
21.0 3.0
21.0 4.0
22.09449633629993 4.0
22.09449633629993 5.0
22.81542356210952 5.0
22.81542356210952 6.0
25.09449633629993 6.0
25.09449633629993 7.0
28.0 7.0
28.0 8.0
28.09449633629993 8.0
28.09449633629993 9.0
28.81542356210952 9.0
28.81542356210952 10.0
29.16679045860656 10.0
29.16679045860656 11.0
31.0 11.0
31.0 12.0
31.09449633629993 12.0
31.09449633629993 13.0
32.16679045860656 13.0
32.16679045860656 14.0
33.81542356210952 14.0
33.81542356210952 14.0
# total_scans #7
0.0 0.0
7.0 0.0
7.0 1.0
14.0 1.0
14.0 2.0
15.56519209826365 2.0
15.56519209826365 3.0
21.0 3.0
21.0 4.0
22.56519209826365 4.0
22.56519209826365 5.0
22.60654654968059 5.0
22.60654654968059 6.0
25.56519209826365 6.0
25.56519209826365 7.0
28.0 7.0
28.0 8.0
28.56519209826365 8.0
28.56519209826365 9.0
28.60654654968059 9.0
28.60654654968059 10.0
29.51749216974713 10.0
29.51749216974713 11.0
31.0 11.0
31.0 12.0
31.56519209826365 12.0
31.56519209826365 13.0
31.60654654968059 13.0
31.60654654968059 14.0
32.51749216974713 14.0
32.51749216974713 15.0
34.0 15.0
34.0 16.0
34.56519209826365 16.0
34.56519209826365 17.0
34.60654654968059 17.0
34.60654654968059 18.0
35.51749216974713 18.0
35.51749216974713 19.0
37.0 19.0
37.0 20.0
37.56519209826365 20.0
37.56519209826365 21.0
37.60654654968059 21.0
37.60654654968059 22.0
38.51749216974713 22.0
38.51749216974713 23.0
40.0 23.0
40.0 24.0
40.56519209826365 24.0
40.56519209826365 25.0
40.60654654968059 25.0
40.60654654968059 26.0
41.51749216974713 26.0
41.51749216974713 27.0
43.0 27.0
43.0 28.0
43.56519209826365 28.0
43.56519209826365 29.0
43.60654654968059 29.0
43.60654654968059 30.0
44.51749216974713 30.0
44.51749216974713 31.0
46.0 31.0
46.0 32.0
46.56519209826365 32.0
46.56519209826365 33.0
46.60654654968059 33.0
46.60654654968059 34.0
47.51749216974713 34.0
47.51749216974713 35.0
49.0 35.0
49.0 36.0
49.56519209826365 36.0
49.56519209826365 37.0
51.60654654968059 37.0
51.60654654968059 37.0
# total_scans #8
0.0 0.0
7.0 0.0
7.0 1.0
14.0 1.0
14.0 2.0
15.19713230454363 2.0
15.19713230454363 3.0
21.0 3.0
21.0 4.0
22.1337240904104 4.0
22.1337240904104 5.0
22.19713230454363 5.0
22.19713230454363 6.0
23.54644793714397 6.0
23.54644793714397 7.0
24.0 7.0
24.0 8.0
25.1337240904104 8.0
25.1337240904104 9.0
26.54644793714397 9.0
26.54644793714397 10.0
27.0 10.0
27.0 11.0
29.19713230454363 11.0
29.19713230454363 12.0
29.54644793714397 12.0
29.54644793714397 13.0
30.0 13.0
30.0 14.0
30.1337240904104 14.0
30.1337240904104 14.0
# total_scans #9
0.0 0.0
7.0 0.0
7.0 1.0
14.0 1.0
14.0 2.0
15.96762339770794 2.0
15.96762339770794 3.0
17.0 3.0
17.0 4.0
22.96762339770794 4.0
22.96762339770794 5.0
24.0 5.0
24.0 6.0
24.28237363920653 6.0
24.28237363920653 7.0
25.96762339770794 7.0
25.96762339770794 8.0
28.96762339770794 8.0
28.96762339770794 9.0
31.0 9.0
31.0 10.0
31.28237363920653 10.0
31.28237363920653 11.0
32.73490139353089 11.0
32.73490139353089 12.0
33.96762339770794 12.0
33.96762339770794 12.0
# total_scans #10
0.0 0.0
7.0 0.0
7.0 1.0
14.0 1.0
14.0 2.0
15.04065966792405 2.0
15.04065966792405 3.0
21.0 3.0
21.0 4.0
22.04065966792405 4.0
22.04065966792405 5.0
22.98505358673316 5.0
23.0 6.0
23.0 6.0
25.04065966792405 6.0
25.04065966792405 7.0
27.98505358673316 7.0
27.98505358673316 7.0
# total_scans #11
0.0 0.0
7.0 0.0
7.0 1.0
14.0 1.0
14.0 2.0
15.69999616662972 2.0
15.69999616662972 3.0
21.0 3.0
21.0 4.0
21.69999616662972 4.0
21.69999616662972 5.0
22.53880700701848 5.0
22.53880700701848 6.0
25.53880700701848 6.0
25.53880700701848 7.0
28.0 7.0
28.0 8.0
28.53880700701848 8.0
28.53880700701848 9.0
28.69999616662972 9.0
28.69999616662972 10.0
29.55662321858108 10.0
29.55662321858108 11.0
31.0 11.0
31.0 12.0
31.69999616662972 12.0
31.69999616662972 13.0
33.53880700701848 13.0
33.53880700701848 13.0
# total_scans #12
0.0 0.0
7.0 0.0
7.0 1.0
14.0 1.0
14.0 2.0
15.05094236880541 2.0
15.05094236880541 3.0
21.0 3.0
21.0 4.0
21.05094236880541 4.0
21.05094236880541 5.0
22.51830219570547 5.0
22.51830219570547 6.0
24.05094236880541 6.0
24.05094236880541 7.0
27.05094236880541 7.0
27.05094236880541 8.0
28.0 8.0
28.0 9.0
29.51830219570547 9.0
29.5378584923045 11.0
30.05094236880541 11.0
30.05094236880541 12.0
31.0 12.0
31.0 13.0
32.51830219570547 13.0
32.5378584923045 15.0
33.05094236880541 15.0
33.05094236880541 16.0
35.51830219570547 16.0
35.5378584923045 17.0
35.5378584923045 17.0
36.0 17.0
36.0 17.0
# total_scans #13
0.0 0.0
7.0 0.0
7.0 1.0
14.0 1.0
14.0 2.0
15.30986236245371 2.0
15.30986236245371 3.0
21.0 3.0
21.0 4.0
22.30986236245371 4.0
22.30986236245371 5.0
22.76185813381624 5.0
22.76185813381624 6.0
24.0 6.0
24.0 7.0
25.30986236245371 7.0
25.30986236245371 8.0
25.76185813381624 8.0
25.76185813381624 9.0
28.30986236245371 9.0
28.30986236245371 10.0
31.0 10.0
31.0 11.0
31.30986236245371 11.0
31.30986236245371 12.0
31.76185813381624 12.0
31.76185813381624 13.0
32.95418180711567 13.0
32.95418180711567 14.0
34.0 14.0
34.0 15.0
34.76185813381623 15.0
34.76185813381623 16.0
35.95418180711567 16.0
35.95418180711567 17.0
36.30986236245371 17.0
36.30986236245371 17.0
# total_scans #14
0.0 0.0
7.0 0.0
7.0 1.0
14.0 1.0
14.0 2.0
15.00383540778421 2.0
15.00383540778421 3.0
17.0 3.0
17.00383540778421 4.0
17.00383540778421 4.0
22.00383540778421 4.0
22.00383540778421 5.0
23.42548069311306 5.0
23.42548069311306 6.0
24.0 6.0
24.00383540778421 7.0
24.00383540778421 7.0
25.9600613120972 7.0
25.9600613120972 8.0
27.0 8.0
27.00383540778421 9.0
27.00383540778421 9.0
28.42548069311306 9.0
28.42548069311306 9.0
# total_scans #15
0.0 0.0
7.0 0.0
7.0 1.0
14.0 1.0
14.0 2.0
15.48924320214428 2.0
15.48924320214428 3.0
18.48924320214428 3.0
18.48924320214428 4.0
21.0 4.0
21.0 5.0
21.48924320214428 5.0
21.48924320214428 6.0
22.03944256459363 6.0
22.03944256459363 7.0
25.03944256459363 7.0
25.03944256459363 8.0
28.0 8.0
28.0 9.0
28.03944256459363 9.0
28.03944256459363 10.0
28.48924320214428 10.0
28.48924320214428 11.0
29.67107113474049 11.0
29.67107113474049 12.0
31.0 12.0
31.0 13.0
31.03944256459363 13.0
31.03944256459363 14.0
32.67107113474049 14.0
32.67107113474049 15.0
33.48924320214428 15.0
33.48924320214428 15.0
# total_scans #16
0.0 0.0
7.0 0.0
7.0 1.0
14.0 1.0
14.0 2.0
15.74621113180183 2.0
15.74621113180183 3.0
21.0 3.0
21.0 4.0
21.74621113180183 4.0
21.74621113180183 5.0
22.05553885223344 5.0
22.05553885223344 6.0
25.05553885223344 6.0
25.05553885223344 7.0
28.0 7.0
28.0 8.0
28.05553885223344 8.0
28.05553885223344 9.0
28.74621113180183 9.0
28.74621113180183 10.0
29.14683860307559 10.0
29.14683860307559 11.0
31.74621113180183 11.0
31.74621113180183 12.0
32.14683860307559 12.0
32.14683860307559 13.0
33.0 13.0
33.0 13.0
# total_scans #17
0.0 0.0
7.0 0.0
7.0 1.0
14.0 1.0
14.0 2.0
15.53611485403962 2.0
15.53611485403962 3.0
17.0 3.0
17.0 4.0
20.0 4.0
20.0 5.0
22.53611485403962 5.0
22.53611485403962 6.0
23.99076021532528 6.0
24.0 7.0
24.0 7.0
25.53611485403962 7.0
25.53611485403962 8.0
26.99076021532528 8.0
27.0 10.0
28.53611485403962 10.0
28.53611485403962 11.0
28.64883272268313 11.0
28.64883272268313 12.0
29.99076021532528 12.0
30.0 13.0
30.0 13.0
31.64883272268313 13.0
31.64883272268313 14.0
32.99076021532528 14.0
32.99076021532528 15.0
33.53611485403962 15.0
33.53611485403962 15.0
# total_scans #18
0.0 0.0
7.0 0.0
7.0 1.0
14.0 1.0
14.0 2.0
15.70546657312661 2.0
15.70546657312661 3.0
17.0 3.0
17.0 4.0
22.70546657312661 4.0
22.70546657312661 5.0
23.0 5.0
23.0 6.0
24.37899117381312 6.0
24.37899117381312 7.0
29.70546657312661 7.0
29.70546657312661 8.0
30.0 8.0
30.0 9.0
30.37899117381312 9.0
30.37899117381312 10.0
30.88864227430895 10.0
30.88864227430895 11.0
32.70546657312661 11.0
32.70546657312661 12.0
33.0 12.0
33.0 13.0
33.37899117381312 13.0
33.37899117381312 14.0
33.88864227430895 14.0
33.88864227430895 15.0
35.70546657312661 15.0
35.70546657312661 16.0
36.0 16.0
36.0 17.0
36.37899117381312 17.0
36.37899117381312 18.0
36.88864227430895 18.0
36.88864227430895 19.0
38.70546657312661 19.0
38.70546657312661 20.0
39.0 20.0
39.0 21.0
39.37899117381312 21.0
39.37899117381312 22.0
41.88864227430895 22.0
41.88864227430895 22.0
# total_scans #19
0.0 0.0
7.0 0.0
7.0 1.0
14.0 1.0
14.0 2.0
15.9991473662667 2.0
16.0 3.0
16.0 3.0
21.0 3.0
21.0 4.0
22.56414120318368 4.0
22.56414120318368 5.0
22.9991473662667 5.0
22.9991473662667 6.0
24.0 6.0
24.0 7.0
24.87414443725923 7.0
24.87414443725923 8.0
25.9991473662667 8.0
25.9991473662667 9.0
27.0 9.0
27.0 10.0
27.87414443725923 10.0
27.87414443725923 11.0
28.9991473662667 11.0
28.9991473662667 12.0
29.56414120318368 12.0
29.56414120318368 13.0
30.0 13.0
30.0 14.0
30.87414443725923 14.0
30.87414443725923 15.0
31.43265777477843 15.0
31.43265777477843 16.0
31.9991473662667 16.0
32.0 17.0
32.0 17.0
32.56414120318368 17.0
32.56414120318368 18.0
33.87414443725923 18.0
33.87414443725923 19.0
34.43265777477843 19.0
34.43265777477843 20.0
35.0 20.0
35.0 20.0
# total_scans #20
0.0 0.0
7.0 0.0
7.0 1.0
14.0 1.0
14.0 2.0
15.03518429887481 2.0
15.03518429887481 3.0
21.0 3.0
21.0 4.0
22.03518429887481 4.0
22.03518429887481 5.0
22.96471097815057 5.0
22.96471097815057 6.0
24.0 6.0
24.0 7.0
25.03518429887481 7.0
25.03518429887481 8.0
25.96471097815057 8.0
25.96471097815057 9.0
27.0 9.0
27.0 10.0
28.03518429887481 10.0
28.03518429887481 11.0
28.96471097815057 11.0
28.96471097815057 12.0
30.0 12.0
30.0 13.0
31.03518429887481 13.0
31.03518429887481 14.0
31.96471097815057 14.0
31.96471097815057 15.0
33.0 15.0
33.0 16.0
34.03518429887481 16.0
34.03518429887481 17.0
34.96471097815057 17.0
34.96471097815057 18.0
37.03518429887481 18.0
37.03518429887481 19.0
39.96471097815057 19.0
39.96471097815057 19.0
# total_scans #21
0.0 0.0
7.0 0.0
7.0 1.0
14.0 1.0
14.0 2.0
15.78719837521203 2.0
15.78719837521203 3.0
17.0 3.0
17.0 4.0
22.78719837521203 4.0
22.78719837521203 5.0
23.0 5.0
23.0 6.0
23.80923800752498 6.0
23.80923800752498 7.0
25.78719837521203 7.0
25.80923800752498 8.0
25.80923800752498 8.0
26.0 8.0
26.0 9.0
28.78719837521203 9.0
28.80923800752498 10.0
28.80923800752498 10.0
29.0 10.0
29.0 11.0
30.80923800752498 11.0
30.80923800752498 12.0
31.78719837521203 12.0
31.80923800752498 13.0
31.80923800752498 13.0
32.0 13.0
32.0 14.0
32.76188598689344 14.0
32.76188598689344 15.0
33.80923800752498 15.0
33.80923800752498 16.0
34.78719837521203 16.0
34.80923800752498 17.0
34.80923800752498 17.0
35.0 17.0
35.0 18.0
35.76188598689344 18.0
35.76188598689344 19.0
36.80923800752498 19.0
36.80923800752498 20.0
37.78719837521203 20.0
37.80923800752498 21.0
37.80923800752498 21.0
38.0 21.0
38.0 22.0
38.76188598689344 22.0
38.76188598689344 23.0
39.80923800752498 23.0
39.80923800752498 24.0
40.78719837521203 24.0
40.80923800752498 25.0
40.80923800752498 25.0
43.76188598689344 25.0
43.76188598689344 25.0
# total_scans #22
0.0 0.0
7.0 0.0
7.0 1.0
14.0 1.0
14.0 2.0
15.30880566965789 2.0
15.30880566965789 3.0
21.0 3.0
21.0 4.0
21.30880566965789 4.0
21.30880566965789 5.0
22.7047119946219 5.0
22.7047119946219 6.0
24.0 6.0
24.0 7.0
25.7047119946219 7.0
25.7047119946219 8.0
27.0 8.0
27.0 9.0
28.30880566965789 9.0
28.30880566965789 10.0
28.7047119946219 10.0
28.7047119946219 11.0
29.63693126826547 11.0
29.63693126826547 12.0
30.0 12.0
30.0 13.0
31.7047119946219 13.0
31.7047119946219 14.0
32.63693126826547 14.0
32.63693126826547 15.0
34.7047119946219 15.0
34.7047119946219 16.0
35.30880566965789 16.0
35.30880566965789 17.0
35.63693126826547 17.0
35.63693126826547 18.0
36.0 18.0
36.0 19.0
36.51460569165647 19.0
36.51460569165647 20.0
38.63693126826547 20.0
38.63693126826547 21.0
39.51460569165647 21.0
39.51460569165647 22.0
39.7047119946219 22.0
39.7047119946219 22.0
# total_scans #23
0.0 0.0
7.0 0.0
7.0 1.0
14.0 1.0
14.0 2.0
15.88096665102057 2.0
15.88096665102057 3.0
17.0 3.0
17.0 4.0
18.88096665102057 4.0
18.88096665102057 5.0
20.0 5.0
20.0 6.0
25.88096665102057 6.0
25.88096665102057 7.0
27.0 7.0
27.01815886614611 9.0
32.0 9.0
32.0 9.0
# total_scans #24
0.0 0.0
7.0 0.0
7.0 1.0
14.0 1.0
14.0 2.0
15.63633039500564 2.0
15.63633039500564 3.0
17.0 3.0
17.0 4.0
18.63633039500564 4.0
18.63633039500564 5.0
24.0 5.0
24.0 6.0
25.63633039500564 6.0
25.63633039500564 7.0
25.91484651790742 7.0
25.91484651790742 8.0
30.63633039500564 8.0
30.63633039500564 8.0
# total_scans #25
0.0 0.0
7.0 0.0
7.0 1.0
14.0 1.0
14.0 2.0
15.37164182541892 2.0
15.37164182541892 3.0
21.0 3.0
21.0 4.0
22.09204156696796 4.0
22.09204156696796 5.0
22.37164182541892 5.0
22.37164182541892 6.0
23.98409713734873 6.0
24.0 8.0
25.37164182541892 8.0
25.37164182541892 9.0
26.98409713734873 9.0
27.0 11.0
28.37164182541892 11.0
28.37164182541892 12.0
29.09204156696796 12.0
29.09204156696796 13.0
29.98409713734873 13.0
30.0 14.0
30.0 14.0
30.23737346939743 14.0
30.23737346939743 15.0
31.37164182541892 15.0
31.37164182541892 16.0
32.0 16.0
32.0 16.0
# total_scans #26
0.0 0.0
7.0 0.0
7.0 1.0
14.0 1.0
14.0 2.0
15.04790991381742 2.0
15.04790991381742 3.0
21.0 3.0
21.0 4.0
21.04790991381742 4.0
21.04790991381742 5.0
22.62051517353393 5.0
22.62051517353393 6.0
25.62051517353393 6.0
25.62051517353393 7.0
28.0 7.0
28.0 8.0
28.04790991381742 8.0
28.04790991381742 9.0
28.62051517353393 9.0
28.62051517353393 10.0
29.10029383189976 10.0
29.10029383189976 11.0
31.04790991381742 11.0
31.04790991381742 12.0
32.10029383189976 12.0
32.10029383189976 13.0
33.0 13.0
33.0 13.0
# total_scans #27
0.0 0.0
7.0 0.0
7.0 1.0
14.0 1.0
14.0 2.0
15.28908563777804 2.0
15.28908563777804 3.0
21.0 3.0
21.0 4.0
21.28908563777804 4.0
21.28908563777804 5.0
22.94307967904024 5.0
22.94307967904024 6.0
28.0 6.0
28.0 7.0
28.28908563777804 7.0
28.28908563777804 8.0
28.94307967904024 8.0
28.94307967904024 9.0
29.61022626352496 9.0
29.61022626352496 10.0
33.28908563777804 10.0
33.28908563777804 10.0
# total_scans #28
0.0 0.0
7.0 0.0
7.0 1.0
14.0 1.0
14.0 2.0
15.61419595964253 2.0
15.61419595964253 3.0
18.61419595964253 3.0
18.61419595964253 4.0
21.0 4.0
21.0 5.0
22.07753978203982 5.0
22.07753978203982 6.0
25.61419595964253 6.0
25.61419595964253 7.0
27.57808655037086 7.0
27.57808655037086 8.0
28.0 8.0
28.0 9.0
28.07753978203982 9.0
28.07753978203982 10.0
29.05584849021398 10.0
29.07753978203982 11.0
29.07753978203982 11.0
30.57808655037086 11.0
30.57808655037086 12.0
30.61419595964253 12.0
30.61419595964253 12.0
# total_scans #29
0.0 0.0
7.0 0.0
7.0 1.0
14.0 1.0
14.0 2.0
15.6563781616278 2.0
15.6563781616278 3.0
17.0 3.0
17.0 4.0
18.6563781616278 4.0
18.6563781616278 5.0
21.6563781616278 5.0
21.6563781616278 6.0
24.0 6.0
24.0 7.0
24.6563781616278 7.0
24.6563781616278 8.0
25.43681685999036 8.0
25.43681685999036 9.0
27.6563781616278 9.0
27.6563781616278 10.0
31.0 10.0
31.0 11.0
32.43681685999036 11.0
32.43681685999036 12.0
32.6563781616278 12.0
32.6563781616278 13.0
32.87922027177396 13.0
32.87922027177396 14.0
34.0 14.0
34.0 15.0
35.43681685999036 15.0
35.43681685999036 16.0
35.6563781616278 16.0
35.6563781616278 17.0
35.87922027177396 17.0
35.87922027177396 18.0
37.0 18.0
37.0 19.0
38.43681685999036 19.0
38.43681685999036 20.0
38.6563781616278 20.0
38.6563781616278 21.0
38.87922027177396 21.0
38.87922027177396 22.0
40.0 22.0
40.0 23.0
41.43681685999036 23.0
41.43681685999036 24.0
41.6563781616278 24.0
41.6563781616278 25.0
41.87922027177396 25.0
41.87922027177396 26.0
43.0 26.0
43.0 27.0
44.43681685999036 27.0
44.43681685999036 28.0
44.87922027177396 28.0
44.87922027177396 29.0
46.0 29.0
46.0 30.0
46.6563781616278 30.0
46.6563781616278 30.0
# total_scans #30
0.0 0.0
7.0 0.0
7.0 1.0
14.0 1.0
14.0 2.0
15.60863478295505 2.0
15.60863478295505 3.0
21.0 3.0
21.0 4.0
22.03017528261989 4.0
22.03017528261989 5.0
22.60863478295505 5.0
22.60863478295505 6.0
23.6464853847865 6.0
23.6464853847865 7.0
25.03017528261989 7.0
25.03017528261989 8.0
25.60863478295505 8.0
25.60863478295505 9.0
28.0 9.0
28.0 10.0
28.03017528261989 10.0
28.03017528261989 11.0
28.60863478295505 11.0
28.60863478295505 12.0
28.6464853847865 12.0
28.6464853847865 13.0
29.91349241393618 13.0
29.91349241393618 14.0
31.0 14.0
31.0 15.0
31.03017528261989 15.0
31.03017528261989 16.0
31.60863478295505 16.0
31.60863478295505 17.0
31.6464853847865 17.0
31.6464853847865 18.0
34.0 18.0
34.0 19.0
34.03017528261989 19.0
34.03017528261989 20.0
34.60863478295505 20.0
34.60863478295505 21.0
34.6464853847865 21.0
34.6464853847865 22.0
34.91349241393618 22.0
34.91349241393618 22.0
# total_scans #31
0.0 0.0
7.0 0.0
7.0 1.0
14.0 1.0
14.0 2.0
15.4691933193244 2.0
15.4691933193244 3.0
21.0 3.0
21.0 4.0
22.4691933193244 4.0
22.4691933193244 5.0
22.83071138992155 5.0
22.83071138992155 6.0
25.4691933193244 6.0
25.4691933193244 7.0
25.83071138992155 7.0
25.83071138992155 8.0
28.0 8.0
28.0 9.0
28.4691933193244 9.0
28.4691933193244 10.0
29.27991968183778 10.0
29.27991968183778 11.0
30.83071138992155 11.0
30.83071138992155 11.0
# total_scans #32
0.0 0.0
7.0 0.0
7.0 1.0
14.0 1.0
14.0 2.0
15.1551427654922 2.0
15.1551427654922 3.0
21.0 3.0
21.0 4.0
22.10594264813699 4.0
22.10594264813699 5.0
22.1551427654922 5.0
22.1551427654922 6.0
23.93466251459904 6.0
23.93466251459904 7.0
25.10594264813699 7.0
25.10594264813699 8.0
25.1551427654922 8.0
25.1551427654922 9.0
26.93466251459904 9.0
26.93466251459904 10.0
28.0 10.0
28.0 11.0
28.10594264813699 11.0
28.10594264813699 12.0
28.1551427654922 12.0
28.1551427654922 13.0
29.93466251459904 13.0
29.93466251459904 14.0
29.96159191040335 14.0
29.96159191040335 15.0
31.0 15.0
31.0 16.0
31.10594264813699 16.0
31.10594264813699 17.0
31.1551427654922 17.0
31.1551427654922 18.0
32.93466251459904 18.0
32.93466251459904 19.0
32.96159191040334 19.0
32.96159191040334 20.0
34.0 20.0
34.0 21.0
34.10594264813699 21.0
34.10594264813699 22.0
34.1551427654922 22.0
34.1551427654922 23.0
35.93466251459904 23.0
35.93466251459904 24.0
35.96159191040334 24.0
35.96159191040334 25.0
37.0 25.0
37.0 26.0
37.10594264813699 26.0
37.10594264813699 27.0
38.93466251459904 27.0
38.93466251459904 28.0
38.96159191040334 28.0
38.96159191040334 29.0
39.1551427654922 29.0
39.1551427654922 29.0
# total_scans #33
0.0 0.0
7.0 0.0
7.0 1.0
14.0 1.0
14.0 2.0
15.19360747281462 2.0
15.19360747281462 3.0
18.19360747281462 3.0
18.19360747281462 4.0
21.0 4.0
21.0 5.0
21.19360747281462 5.0
21.19360747281462 6.0
22.95843504113145 6.0
22.95843504113145 7.0
24.19360747281462 7.0
24.19360747281462 8.0
25.95843504113145 8.0
25.95843504113145 9.0
28.0 9.0
28.0 10.0
28.19360747281462 10.0
28.19360747281462 11.0
29.77904912969097 11.0
29.77904912969097 12.0
31.0 12.0
31.0 13.0
32.77904912969097 13.0
32.79539665347689 14.0
32.79539665347689 14.0
32.95843504113145 14.0
32.95843504113145 15.0
33.19360747281462 15.0
33.19360747281462 16.0
34.0 16.0
34.0 17.0
34.79539665347689 17.0
34.79539665347689 18.0
35.95843504113145 18.0
35.95843504113145 19.0
37.0 19.0
37.0 20.0
37.77904912969097 20.0
37.77904912969097 20.0
# total_scans #34
0.0 0.0
7.0 0.0
7.0 1.0
14.0 1.0
14.0 2.0
15.07684282865375 2.0
15.07684282865375 3.0
21.0 3.0
21.0 4.0
21.07684282865375 4.0
21.07684282865375 5.0
22.0722397826612 5.0
22.07684282865375 6.0
22.07684282865375 6.0
24.0 6.0
24.0 7.0
24.07684282865375 7.0
24.07684282865375 8.0
25.0722397826612 8.0
25.07684282865375 9.0
25.07684282865375 9.0
31.0 9.0
31.0 10.0
31.0722397826612 10.0
31.07684282865375 12.0
32.32743878825568 12.0
32.32743878825568 13.0
34.0722397826612 13.0
34.07684282865375 14.0
34.07684282865375 14.0
37.0722397826612 14.0
37.0722397826612 15.0
37.32743878825568 15.0
37.32743878825568 15.0
# total_scans #35
0.0 0.0
7.0 0.0
7.0 1.0
14.0 1.0
14.0 2.0
15.82873140275478 2.0
15.82873140275478 3.0
17.0 3.0
17.0 4.0
18.82873140275478 4.0
18.82873140275478 5.0
24.0 5.0
24.0 6.0
25.30436107562855 6.0
25.30436107562855 7.0
25.82873140275478 7.0
25.82873140275478 8.0
27.0 8.0
27.0 9.0
27.14822117595649 9.0
27.14822117595649 10.0
28.30436107562855 10.0
28.30436107562855 11.0
28.82873140275478 11.0
28.82873140275478 12.0
30.14822117595649 12.0
30.14822117595649 13.0
33.14822117595649 13.0
33.14822117595649 14.0
33.30436107562855 14.0
33.30436107562855 14.0
# total_scans #36
0.0 0.0
7.0 0.0
7.0 1.0
14.0 1.0
14.0 2.0
15.73249304480851 2.0
15.73249304480851 3.0
21.0 3.0
21.0 4.0
22.14530096529052 4.0
22.15772057606084 5.0
22.15772057606084 5.0
22.73249304480851 5.0
22.73249304480851 6.0
24.0 6.0
24.0 7.0
24.15772057606084 7.0
24.15772057606084 8.0
25.14530096529052 8.0
25.15772057606084 9.0
25.15772057606084 9.0
28.14530096529052 9.0
28.15772057606084 10.0
28.15772057606084 10.0
29.0 10.0
29.0 10.0
# total_scans #37
0.0 0.0
7.0 0.0
7.0 1.0
14.0 1.0
14.0 2.0
15.83008596138097 2.0
15.83008596138097 3.0
17.0 3.0
17.0 4.0
22.83008596138097 4.0
22.83008596138097 5.0
24.0 5.0
24.0 6.0
24.28327407250177 6.0
24.28327407250177 7.0
25.83008596138097 7.0
25.83008596138097 8.0
27.0 8.0
27.0 9.0
27.28327407250177 9.0
27.28327407250177 10.0
28.83008596138097 10.0
28.83008596138097 11.0
30.28327407250177 11.0
30.28327407250177 12.0
31.83008596138097 12.0
31.83008596138097 13.0
33.28327407250176 13.0
33.28327407250176 14.0
34.0 14.0
34.0 15.0
34.83008596138097 15.0
34.83008596138097 16.0
35.52734539836266 16.0
35.52734539836266 17.0
36.28327407250176 17.0
36.28327407250176 18.0
37.0 18.0
37.0 19.0
38.52734539836266 19.0
38.52734539836266 20.0
39.28327407250176 20.0
39.28327407250176 21.0
39.83008596138097 21.0
39.83008596138097 21.0
# total_scans #38
0.0 0.0
7.0 0.0
7.0 1.0
14.0 1.0
14.0 2.0
15.60589183447883 2.0
15.60589183447883 3.0
21.0 3.0
21.0 4.0
21.60589183447883 4.0
21.60589183447883 5.0
22.66636337852105 5.0
22.66636337852105 6.0
28.0 6.0
28.0 7.0
28.60589183447883 7.0
28.60589183447883 8.0
28.66636337852105 8.0
28.66636337852105 9.0
29.62317325477488 9.0
29.62317325477488 10.0
31.0 10.0
31.0 11.0
31.60589183447883 11.0
31.60589183447883 12.0
31.66636337852105 12.0
31.66636337852105 13.0
32.62317325477488 13.0
32.62317325477488 14.0
34.0 14.0
34.0 15.0
34.60589183447883 15.0
34.60589183447883 16.0
34.66636337852105 16.0
34.66636337852105 17.0
35.62317325477488 17.0
35.62317325477488 18.0
37.0 18.0
37.0 19.0
37.60589183447883 19.0
37.60589183447883 20.0
37.66636337852105 20.0
37.66636337852105 21.0
38.62317325477488 21.0
38.62317325477488 22.0
40.0 22.0
40.0 23.0
40.60589183447883 23.0
40.62317325477488 24.0
40.62317325477488 24.0
40.66636337852105 24.0
40.66636337852105 25.0
43.0 25.0
43.0 26.0
43.62317325477488 26.0
43.62317325477488 26.0
# total_scans #39
0.0 0.0
7.0 0.0
7.0 1.0
14.0 1.0
14.0 2.0
15.17780896951444 2.0
15.17780896951444 3.0
21.0 3.0
21.0 4.0
22.17780896951444 4.0
22.17780896951444 5.0
22.60701181820497 5.0
22.60701181820497 6.0
25.17780896951444 6.0
25.17780896951444 7.0
27.60701181820497 7.0
27.60701181820497 7.0
# total_scans #40
0.0 0.0
7.0 0.0
7.0 1.0
14.0 1.0
14.0 2.0
15.67825284018181 2.0
15.67825284018181 3.0
21.0 3.0
21.0 4.0
22.67825284018181 4.0
22.67825284018181 5.0
22.86665097926251 5.0
22.86665097926251 6.0
24.0 6.0
24.0 7.0
25.67825284018181 7.0
25.67825284018181 8.0
25.86665097926251 8.0
25.86665097926251 9.0
27.0 9.0
27.0 10.0
28.67825284018181 10.0
28.67825284018181 11.0
28.86665097926251 11.0
28.86665097926251 12.0
30.0 12.0
30.0 13.0
31.86665097926251 13.0
31.86665097926251 14.0
34.86665097926251 14.0
34.86665097926251 15.0
35.67825284018181 15.0
35.67825284018181 16.0
36.0 16.0
36.0 17.0
36.72538894345053 17.0
36.72538894345053 18.0
37.86665097926251 18.0
37.86665097926251 19.0
38.67825284018181 19.0
38.67825284018181 20.0
39.0 20.0
39.0 21.0
39.72538894345053 21.0
39.72538894345053 22.0
40.86665097926251 22.0
40.86665097926251 23.0
42.0 23.0
42.0 24.0
43.67825284018181 24.0
43.67825284018181 24.0
# total_scans #41
0.0 0.0
7.0 0.0
7.0 1.0
14.0 1.0
14.0 2.0
15.44967591227032 2.0
15.44967591227032 3.0
21.0 3.0
21.0 4.0
22.26657716790214 4.0
22.26657716790214 5.0
22.44967591227032 5.0
22.44967591227032 6.0
24.44078058196554 6.0
24.44967591227032 7.0
24.44967591227032 7.0
27.26657716790214 7.0
27.26657716790214 7.0
# total_scans #42
0.0 0.0
7.0 0.0
7.0 1.0
14.0 1.0
14.0 2.0
15.68278789171018 2.0
15.68278789171018 3.0
21.0 3.0
21.0 4.0
22.66619797912426 4.0
22.68278789171018 6.0
24.0 6.0
24.0 7.0
24.54977918573278 7.0
24.54977918573278 8.0
25.66619797912426 8.0
25.68278789171018 10.0
27.54977918573278 10.0
27.54977918573278 11.0
28.66619797912426 11.0
28.68278789171018 13.0
30.54977918573278 13.0
30.54977918573278 14.0
31.0 14.0
31.0 15.0
31.66619797912426 15.0
31.68278789171018 17.0
32.15101551357657 17.0
32.15101551357657 18.0
33.54977918573278 18.0
33.54977918573278 19.0
34.0 19.0
34.0 20.0
34.66619797912426 20.0
34.68278789171018 22.0
36.54977918573278 22.0
36.54977918573278 23.0
37.0 23.0
37.0 24.0
37.15101551357657 24.0
37.15101551357657 24.0
# total_scans #43
0.0 0.0
7.0 0.0
7.0 1.0
14.0 1.0
14.0 2.0
15.76439396012574 2.0
15.76439396012574 3.0
21.0 3.0
21.0 4.0
22.67967666243203 4.0
22.67967666243203 5.0
22.76439396012574 5.0
22.76439396012574 6.0
24.0 6.0
24.0 7.0
24.3478576458283 7.0
24.3478576458283 8.0
25.67967666243203 8.0
25.67967666243203 9.0
25.76439396012574 9.0
25.76439396012574 10.0
27.0 10.0
27.0 11.0
27.3478576458283 11.0
27.3478576458283 12.0
28.67967666243203 12.0
28.67967666243203 13.0
28.76439396012574 13.0
28.76439396012574 14.0
30.3478576458283 14.0
30.3478576458283 15.0
33.3478576458283 15.0
33.3478576458283 16.0
33.99999999999999 16.0
33.99999999999999 17.0
34.67967666243202 17.0
34.67967666243202 18.0
34.76439396012574 18.0
34.76439396012574 19.0
35.67500587663054 19.0
35.67967666243202 20.0
35.67967666243202 20.0
36.99999999999999 20.0
36.99999999999999 21.0
37.67967666243202 21.0
37.67967666243202 22.0
37.76439396012574 22.0
37.76439396012574 23.0
38.34785764582829 23.0
38.34785764582829 23.0
# total_scans #44
0.0 0.0
7.0 0.0
7.0 1.0
14.0 1.0
14.0 2.0
15.35575063782744 2.0
15.35575063782744 3.0
17.0 3.0
17.0 4.0
22.35575063782744 4.0
22.35575063782744 5.0
23.0 5.0
23.0 6.0
23.5615606456995 6.0
23.5615606456995 7.0
26.0 7.0
26.0 8.0
26.5615606456995 8.0
26.5615606456995 9.0
29.0 9.0
29.0 10.0
29.35575063782744 10.0
29.35575063782744 11.0
29.5615606456995 11.0
29.5615606456995 12.0
31.31910241020537 12.0
31.31910241020537 13.0
36.0 13.0
36.0 14.0
36.31910241020537 14.0
36.31910241020537 15.0
36.35575063782744 15.0
36.35575063782744 16.0
36.5615606456995 16.0
36.5615606456995 17.0
37.73280837899074 17.0
37.73280837899074 18.0
39.0 18.0
39.0 19.0
39.31910241020537 19.0
39.31910241020537 20.0
39.35575063782744 20.0
39.35575063782744 21.0
39.5615606456995 21.0
39.5615606456995 22.0
40.73280837899074 22.0
40.73280837899074 23.0
42.0 23.0
42.0 24.0
42.31910241020537 24.0
42.31910241020537 25.0
42.35575063782744 25.0
42.35575063782744 26.0
42.5615606456995 26.0
42.5615606456995 27.0
43.73280837899074 27.0
43.73280837899074 28.0
45.0 28.0
45.0 29.0
45.31910241020537 29.0
45.31910241020537 30.0
45.5615606456995 30.0
45.5615606456995 31.0
46.73280837899074 31.0
46.73280837899074 32.0
47.35575063782744 32.0
47.35575063782744 32.0
# total_scans #45
0.0 0.0
7.0 0.0
7.0 1.0
14.0 1.0
14.0 2.0
15.50723076821305 2.0
15.50723076821305 3.0
21.0 3.0
21.0 4.0
22.50723076821305 4.0
22.50723076821305 5.0
22.962095561434 5.0
22.962095561434 6.0
24.0 6.0
24.0 7.0
25.50723076821305 7.0
25.50723076821305 8.0
25.962095561434 8.0
25.962095561434 9.0
27.0 9.0
27.0 10.0
30.0 10.0
30.0 11.0
30.962095561434 11.0
30.962095561434 11.0
# total_scans #46
0.0 0.0
7.0 0.0
7.0 1.0
14.0 1.0
14.0 2.0
15.5879627072718 2.0
15.5879627072718 3.0
21.0 3.0
21.0 4.0
21.5879627072718 4.0
21.5879627072718 5.0
22.51392176141962 5.0
22.51392176141962 6.0
24.0 6.0
24.0 7.0
27.0 7.0
27.0 8.0
28.5879627072718 8.0
28.5879627072718 9.0
29.51392176141962 9.0
29.51392176141962 10.0
29.72973211877979 10.0
29.72973211877979 11.0
30.0 11.0
30.0 12.0
32.72973211877979 12.0
32.72973211877979 13.0
33.0 13.0
33.0 14.0
33.5879627072718 14.0
33.5879627072718 14.0
# total_scans #47
0.0 0.0
7.0 0.0
7.0 1.0
14.0 1.0
14.0 2.0
15.18782836804166 2.0
15.18782836804166 3.0
21.0 3.0
21.0 4.0
22.18782836804166 4.0
22.18782836804166 5.0
22.59519469117428 5.0
22.59519469117428 6.0
25.18782836804166 6.0
25.18782836804166 7.0
25.59519469117428 7.0
25.59519469117428 8.0
28.0 8.0
28.0 9.0
28.18782836804166 9.0
28.18782836804166 10.0
28.59519469117428 10.0
28.59519469117428 11.0
29.29581751697697 11.0
29.29581751697697 12.0
31.18782836804166 12.0
31.18782836804166 13.0
31.59519469117428 13.0
31.59519469117428 14.0
32.29581751697697 14.0
32.29581751697697 15.0
33.0 15.0
33.0 15.0
# total_scans #48
0.0 0.0
7.0 0.0
7.0 1.0
14.0 1.0
14.0 2.0
15.63884793478064 2.0
15.63884793478064 3.0
21.0 3.0
21.0 4.0
22.34560354030691 4.0
22.34560354030691 5.0
22.63884793478064 5.0
22.63884793478064 6.0
23.83664036216214 6.0
23.83664036216214 7.0
24.0 7.0
24.0 8.0
25.63884793478064 8.0
25.63884793478064 9.0
26.83664036216214 9.0
26.83664036216214 10.0
27.0 10.0
27.0 11.0
29.34560354030691 11.0
29.34560354030691 12.0
29.83664036216214 12.0
29.83664036216214 13.0
30.0 13.0
30.0 14.0
30.63884793478064 14.0
30.63884793478064 14.0
# total_scans #49
0.0 0.0
7.0 0.0
7.0 1.0
14.0 1.0
14.0 2.0
15.1847360576503 2.0
15.1847360576503 3.0
21.0 3.0
21.0 4.0
22.1847360576503 4.0
22.1847360576503 5.0
22.48590238433087 5.0
22.48590238433087 6.0
24.0 6.0
24.0 7.0
25.1847360576503 7.0
25.1847360576503 8.0
25.48590238433087 8.0
25.48590238433087 9.0
27.0 9.0
27.0 10.0
32.0 10.0
32.0 10.0
# total_scans #50
0.0 0.0
7.0 0.0
7.0 1.0
14.0 1.0
14.0 2.0
15.96947448002174 2.0
15.96947448002174 3.0
21.0 3.0
21.0 4.0
22.02287840843201 4.0
22.02287840843201 5.0
22.96947448002174 5.0
22.96947448002174 6.0
24.0 6.0
24.0 7.0
24.59553765562929 7.0
24.59553765562929 8.0
25.02287840843201 8.0
25.02287840843201 9.0
27.0 9.0
27.0 10.0
28.02287840843201 10.0
28.02287840843201 11.0
29.96947448002174 11.0
29.96947448002174 12.0
30.0 12.0
30.0 13.0
30.59553765562929 13.0
30.59553765562929 14.0
31.02287840843201 14.0
31.02287840843201 15.0
31.2177849980418 15.0
31.2177849980418 16.0
33.0 16.0
33.0 17.0
33.59553765562929 17.0
33.59553765562929 18.0
34.02287840843201 18.0
34.02287840843201 19.0
34.21778499804179 19.0
34.21778499804179 20.0
34.96947448002174 20.0
34.96947448002174 20.0
# total_scans #51
0.0 0.0
7.0 0.0
7.0 1.0
14.0 1.0
14.0 2.0
15.8140299085062 2.0
15.8140299085062 3.0
17.0 3.0
17.0 4.0
22.8140299085062 4.0
22.8140299085062 5.0
24.0 5.0
24.0 6.0
24.50132135110463 6.0
24.50132135110463 7.0
25.8140299085062 7.0
25.8140299085062 8.0
27.0 8.0
27.0 9.0
27.50132135110463 9.0
27.50132135110463 10.0
28.8140299085062 10.0
28.8140299085062 11.0
30.0 11.0
30.0 12.0
30.50132135110463 12.0
30.50132135110463 13.0
31.8140299085062 13.0
31.8140299085062 14.0
33.0 14.0
33.0 15.0
33.50132135110464 15.0
33.50132135110464 16.0
36.0 16.0
36.0 17.0
36.50132135110464 17.0
36.50132135110464 18.0
38.8140299085062 18.0
38.8140299085062 19.0
39.0 19.0
39.0 20.0
39.50132135110464 20.0
39.50132135110464 21.0
40.72040571831167 21.0
40.72040571831167 22.0
41.8140299085062 22.0
41.8140299085062 23.0
43.72040571831167 23.0
43.72040571831167 24.0
44.0 24.0
44.0 24.0
# total_scans #52
0.0 0.0
7.0 0.0
7.0 1.0
14.0 1.0
14.0 2.0
15.94930884102359 2.0
15.94930884102359 3.0
21.0 3.0
21.0 4.0
21.94930884102359 4.0
21.94930884102359 5.0
22.05020746286027 5.0
22.05020746286027 6.0
28.0 6.0
28.0 7.0
28.05020746286027 7.0
28.05020746286027 8.0
28.94930884102359 8.0
28.94930884102359 9.0
29.85991169977933 9.0
29.85991169977933 10.0
31.0 10.0
31.0 11.0
31.05020746286027 11.0
31.05020746286027 12.0
31.94930884102359 12.0
31.94930884102359 13.0
34.05020746286027 13.0
34.05020746286027 14.0
34.85991169977933 14.0
34.85991169977933 14.0
# total_scans #53
0.0 0.0
7.0 0.0
7.0 1.0
14.0 1.0
14.0 2.0
15.19709789031185 2.0
15.19709789031185 3.0
21.0 3.0
21.0 4.0
22.19709789031185 4.0
22.19709789031185 5.0
22.51013299761835 5.0
22.51013299761835 6.0
24.0 6.0
24.0 7.0
25.19709789031185 7.0
25.19709789031185 8.0
25.51013299761835 8.0
25.51013299761835 9.0
28.51013299761835 9.0
28.51013299761835 10.0
31.0 10.0
31.0 11.0
31.19709789031185 11.0
31.19709789031185 12.0
31.51013299761835 12.0
31.51013299761835 13.0
32.31256211362779 13.0
32.31256211362779 14.0
34.0 14.0
34.0 15.0
34.19709789031185 15.0
34.19709789031185 16.0
34.51013299761835 16.0
34.51013299761835 17.0
37.0 17.0
37.0 18.0
37.19709789031185 18.0
37.19709789031185 19.0
37.31256211362779 19.0
37.31256211362779 19.0
# total_scans #54
0.0 0.0
7.0 0.0
7.0 1.0
14.0 1.0
14.0 2.0
15.38520173449069 2.0
15.38520173449069 3.0
21.0 3.0
21.0 4.0
22.38520173449069 4.0
22.38520173449069 5.0
22.6828746670189 5.0
22.6828746670189 6.0
24.0 6.0
24.0 7.0
25.6828746670189 7.0
25.6828746670189 8.0
28.6828746670189 8.0
28.6828746670189 9.0
29.38520173449069 9.0
29.38520173449069 10.0
30.0 10.0
30.0 11.0
30.83391392834115 11.0
30.83391392834115 12.0
31.68287466701891 12.0
31.68287466701891 13.0
33.00000000000001 13.0
33.00000000000001 14.0
33.83391392834115 14.0
33.83391392834115 15.0
34.3852017344907 15.0
34.3852017344907 15.0
# total_scans #55
0.0 0.0
7.0 0.0
7.0 1.0
14.0 1.0
14.0 2.0
15.87277009570971 2.0
15.87277009570971 3.0
21.0 3.0
21.0 4.0
22.3789927167818 4.0
22.3789927167818 5.0
22.87277009570971 5.0
22.87277009570971 6.0
24.0 6.0
24.0 7.0
24.65096803575416 7.0
24.65096803575416 8.0
27.87277009570971 8.0
27.87277009570971 8.0
# total_scans #56
0.0 0.0
7.0 0.0
7.0 1.0
14.0 1.0
14.0 2.0
15.49863048922271 2.0
15.49863048922271 3.0
21.0 3.0
21.0 4.0
21.49863048922271 4.0
21.49863048922271 5.0
22.25326975132339 5.0
22.25326975132339 6.0
25.25326975132339 6.0
25.25326975132339 7.0
28.0 7.0
28.0 8.0
28.49863048922271 8.0
28.49863048922271 9.0
29.04110221122392 9.0
29.04110221122392 10.0
30.25326975132339 10.0
30.25326975132339 10.0
# total_scans #57
0.0 0.0
7.0 0.0
7.0 1.0
14.0 1.0
14.0 2.0
15.57841235166416 2.0
15.57841235166416 3.0
17.0 3.0
17.0 4.0
22.57841235166416 4.0
22.57841235166416 5.0
24.0 5.0
24.0 6.0
24.44251722754401 6.0
24.44251722754401 7.0
27.0 7.0
27.0 8.0
29.44251722754401 8.0
29.44251722754401 8.0
# total_scans #58
0.0 0.0
7.0 0.0
7.0 1.0
14.0 1.0
14.0 2.0
15.5671623586677 2.0
15.5671623586677 3.0
21.0 3.0
21.0 4.0
22.5671623586677 4.0
22.5671623586677 5.0
22.79229068686229 5.0
22.79229068686229 6.0
24.0 6.0
24.0 7.0
25.5671623586677 7.0
25.5671623586677 8.0
27.0 8.0
27.0 9.0
29.79229068686229 9.0
29.79229068686229 10.0
30.0 10.0
30.0 11.0
30.5671623586677 11.0
30.5671623586677 11.0
# total_scans #59
0.0 0.0
7.0 0.0
7.0 1.0
14.0 1.0
14.0 2.0
15.15899619972333 2.0
15.15899619972333 3.0
17.0 3.0
17.0 4.0
18.15899619972333 4.0
18.15899619972333 5.0
20.0 5.0
20.0 6.0
21.15899619972333 6.0
21.15899619972333 7.0
24.15899619972333 7.0
24.15899619972333 8.0
27.0 8.0
27.0 9.0
28.09791229641996 9.0
28.09791229641996 10.0
30.0 10.0
30.0 11.0
31.15899619972333 11.0
31.15899619972333 12.0
32.09791229641996 12.0
32.09791229641996 13.0
32.69008345040493 13.0
32.69008345040493 14.0
33.0 14.0
33.0 15.0
35.09791229641996 15.0
35.09791229641996 16.0
36.0 16.0
36.0 17.0
37.69008345040493 17.0
37.69008345040493 17.0
# total_scans #60
0.0 0.0
7.0 0.0
7.0 1.0
14.0 1.0
14.0 2.0
15.57472781115212 2.0
15.57472781115212 3.0
21.0 3.0
21.0 4.0
21.57472781115212 4.0
21.57472781115212 5.0
22.5701318923384 5.0
22.57472781115212 6.0
22.57472781115212 6.0
25.5701318923384 6.0
25.57472781115212 7.0
25.57472781115212 7.0
28.0 7.0
28.0 8.0
28.5701318923384 8.0
28.57472781115212 10.0
29.31043527345173 10.0
29.31043527345173 11.0
31.0 11.0
31.0 12.0
31.57472781115212 12.0
31.57472781115212 13.0
32.31043527345173 13.0
32.31043527345173 14.0
33.5701318923384 14.0
33.5701318923384 14.0
# total_scans #61
0.0 0.0
7.0 0.0
7.0 1.0
14.0 1.0
14.0 2.0
15.17619039560668 2.0
15.17619039560668 3.0
21.0 3.0
21.0 4.0
22.17619039560668 4.0
22.17619039560668 5.0
22.53263423423977 5.0
22.53263423423977 6.0
25.17619039560668 6.0
25.17619039560668 7.0
25.53263423423977 7.0
25.53263423423977 8.0
28.0 8.0
28.0 9.0
28.17619039560668 9.0
28.17619039560668 10.0
28.53263423423977 10.0
28.53263423423977 11.0
29.55664708605036 11.0
29.55664708605036 12.0
31.0 12.0
31.0 13.0
31.17619039560668 13.0
31.17619039560668 14.0
32.55664708605036 14.0
32.55664708605036 15.0
33.53263423423977 15.0
33.53263423423977 15.0
# total_scans #62
0.0 0.0
7.0 0.0
7.0 1.0
14.0 1.0
14.0 2.0
15.11708411225118 2.0
15.11708411225118 3.0
17.0 3.0
17.0 4.0
20.0 4.0
20.0 5.0
22.11708411225118 5.0
22.11708411225118 6.0
23.47113018645905 6.0
23.47113018645905 7.0
26.47113018645905 7.0
26.47113018645905 8.0
27.0 8.0
27.0 9.0
27.11708411225118 9.0
27.11708411225118 10.0
28.21681348024867 10.0
28.21681348024867 11.0
30.11708411225118 11.0
30.11708411225118 12.0
31.21681348024867 12.0
31.21681348024867 13.0
32.0 13.0
32.0 13.0
# total_scans #63
0.0 0.0
7.0 0.0
7.0 1.0
14.0 1.0
14.0 2.0
15.49290150636807 2.0
15.49290150636807 3.0
21.0 3.0
21.0 4.0
22.35175932967104 4.0
22.35175932967104 5.0
22.49290150636807 5.0
22.49290150636807 6.0
23.92779500037432 6.0
23.92779500037432 7.0
24.0 7.0
24.0 8.0
25.35175932967104 8.0
25.35175932967104 9.0
25.49290150636807 9.0
25.49290150636807 10.0
28.49290150636807 10.0
28.49290150636807 11.0
30.35175932967104 11.0
30.35175932967104 11.0
# total_scans #64
0.0 0.0
7.0 0.0
7.0 1.0
14.0 1.0
14.0 2.0
15.14606364560314 2.0
15.14606364560314 3.0
17.0 3.0
17.0 4.0
18.14606364560314 4.0
18.14606364560314 5.0
21.14606364560314 5.0
21.14606364560314 6.0
24.0 6.0
24.0 7.0
24.14606364560314 7.0
24.14606364560314 8.0
25.33013447583653 8.0
25.33013447583653 9.0
27.0 9.0
27.0 10.0
30.0 10.0
30.0 11.0
31.14606364560314 11.0
31.14606364560314 12.0
32.25353124528192 12.0
32.25353124528192 13.0
32.33013447583653 13.0
32.33013447583653 14.0
34.14606364560314 14.0
34.14606364560314 15.0
34.23601330856073 15.0
34.25353124528192 16.0
34.25353124528192 16.0
35.0 16.0
35.0 16.0
# total_scans #65
0.0 0.0
7.0 0.0
7.0 1.0
14.0 1.0
14.0 2.0
15.93706556758843 2.0
15.93706556758843 3.0
21.0 3.0
21.0 4.0
22.25910307141021 4.0
22.25910307141021 5.0
22.93706556758843 5.0
22.93706556758843 6.0
24.86976945488594 6.0
24.86976945488594 7.0
25.93706556758843 7.0
25.93706556758843 8.0
28.0 8.0
28.0 9.0
28.25910307141021 9.0
28.25910307141021 10.0
28.86976945488594 10.0
28.86976945488594 11.0
29.97544387359017 11.0
29.97544387359017 12.0
30.93706556758843 12.0
30.93706556758843 12.0
# total_scans #66
0.0 0.0
7.0 0.0
7.0 1.0
14.0 1.0
14.0 2.0
15.80023522349074 2.0
15.80023522349074 3.0
21.0 3.0
21.0 4.0
22.6263770677615 4.0
22.6263770677615 5.0
22.80023522349074 5.0
22.80023522349074 6.0
24.20626644340554 6.0
24.20626644340554 7.0
25.6263770677615 7.0
25.6263770677615 8.0
25.80023522349074 8.0
25.80023522349074 9.0
28.0 9.0
28.0 10.0
28.6263770677615 10.0
28.6263770677615 11.0
28.80023522349074 11.0
28.80023522349074 12.0
29.05492921965197 12.0
29.05492921965197 13.0
29.20626644340554 13.0
29.20626644340554 13.0
# total_scans #67
0.0 0.0
7.0 0.0
7.0 1.0
14.0 1.0
14.0 2.0
15.26888203807175 2.0
15.26888203807175 3.0
21.0 3.0
21.0 4.0
21.26888203807175 4.0
21.26888203807175 5.0
22.63060276256874 5.0
22.63060276256874 6.0
25.63060276256874 6.0
25.63060276256874 7.0
28.0 7.0
28.0 8.0
28.26888203807175 8.0
28.26888203807175 9.0
28.63060276256874 9.0
28.63060276256874 10.0
29.13785679498687 10.0
29.13785679498687 11.0
31.0 11.0
31.0 12.0
31.26888203807175 12.0
31.26888203807175 13.0
31.63060276256874 13.0
31.63060276256874 14.0
32.13785679498687 14.0
32.13785679498687 15.0
34.0 15.0
34.0 16.0
34.26888203807175 16.0
34.26888203807175 17.0
34.63060276256874 17.0
34.63060276256874 18.0
35.13785679498687 18.0
35.13785679498687 19.0
37.0 19.0
37.0 20.0
37.26888203807175 20.0
37.26888203807175 21.0
37.63060276256874 21.0
37.63060276256874 22.0
40.0 22.0
40.0 23.0
40.13785679498687 23.0
40.13785679498687 23.0
# total_scans #68
0.0 0.0
7.0 0.0
7.0 1.0
14.0 1.0
14.0 2.0
15.31109154061414 2.0
15.31109154061414 3.0
21.0 3.0
21.0 4.0
21.31109154061414 4.0
21.31109154061414 5.0
22.46675843000412 5.0
22.46675843000412 6.0
24.0 6.0
24.0 7.0
25.46675843000412 7.0
25.46675843000412 8.0
27.0 8.0
27.0 9.0
28.31109154061414 9.0
28.31109154061414 10.0
30.07334210729646 10.0
30.07334210729646 11.0
31.31109154061414 11.0
31.31109154061414 12.0
32.0 12.0
32.0 12.0
# total_scans #69
0.0 0.0
7.0 0.0
7.0 1.0
14.0 1.0
14.0 2.0
15.53149208123796 2.0
15.53149208123796 3.0
21.0 3.0
21.0 4.0
22.53149208123796 4.0
22.53149208123796 5.0
22.56906609505805 5.0
22.56906609505805 6.0
25.53149208123796 6.0
25.53149208123796 7.0
27.56906609505805 7.0
27.56906609505805 7.0
# total_scans #70
0.0 0.0
7.0 0.0
7.0 1.0
14.0 1.0
14.0 2.0
15.73116272664629 2.0
15.73116272664629 3.0
21.0 3.0
21.0 4.0
21.73116272664629 4.0
21.73116272664629 5.0
22.33416881971061 5.0
22.33416881971061 6.0
28.0 6.0
28.0 7.0
28.33416881971061 7.0
28.33416881971061 8.0
28.73116272664629 8.0
28.73116272664629 9.0
29.56783859571442 9.0
29.56783859571442 10.0
31.33416881971061 10.0
31.33416881971061 11.0
32.56783859571442 11.0
32.56783859571442 12.0
33.0 12.0
33.0 12.0
# total_scans #71
0.0 0.0
7.0 0.0
7.0 1.0
14.0 1.0
14.0 2.0
15.01566900149919 2.0
15.01566900149919 3.0
21.0 3.0
21.0 4.0
22.01566900149919 4.0
22.01566900149919 5.0
22.18557734192542 5.0
22.18557734192542 6.0
25.18557734192542 6.0
25.18557734192542 7.0
28.0 7.0
28.01566900149919 9.0
28.18557734192542 9.0
28.18557734192542 10.0
29.13285239273682 10.0
29.13285239273682 11.0
31.0 11.0
31.01566900149919 13.0
31.18557734192542 13.0
31.18557734192542 14.0
32.13285239273682 14.0
32.13285239273682 15.0
34.0 15.0
34.01566900149919 16.0
34.01566900149919 16.0
34.18557734192542 16.0
34.18557734192542 17.0
35.13285239273682 17.0
35.13285239273682 18.0
36.01566900149919 18.0
36.01566900149919 18.0
# total_scans #72
0.0 0.0
7.0 0.0
7.0 1.0
14.0 1.0
14.0 2.0
15.44212433486246 2.0
15.44212433486246 3.0
21.0 3.0
21.0 4.0
22.44212433486246 4.0
22.44212433486246 5.0
22.47314883292791 5.0
22.47314883292791 6.0
24.0 6.0
24.0 7.0
25.47314883292791 7.0
25.47314883292791 8.0
27.0 8.0
27.0 9.0
28.47314883292791 9.0
28.47314883292791 10.0
29.44212433486246 10.0
29.44212433486246 11.0
30.0 11.0
30.0 12.0
31.17435340134232 12.0
31.17435340134232 13.0
31.47314883292791 13.0
31.47314883292791 14.0
32.44212433486246 14.0
32.44212433486246 15.0
33.0 15.0
33.0 16.0
34.47314883292791 16.0
34.47314883292791 17.0
35.44212433486246 17.0
35.44212433486246 18.0
36.0 18.0
36.0 19.0
36.17435340134232 19.0
36.17435340134232 19.0
# total_scans #73
0.0 0.0
7.0 0.0
7.0 1.0
14.0 1.0
14.0 2.0
15.83026280859485 2.0
15.83026280859485 3.0
18.83026280859485 3.0
18.83026280859485 4.0
21.0 4.0
21.0 5.0
21.83026280859485 5.0
21.83026280859485 6.0
22.28408428956755 6.0
22.28408428956755 7.0
24.0 7.0
24.0 8.0
27.0 8.0
27.0 9.0
28.83026280859485 9.0
28.83026280859485 10.0
29.28408428956755 10.0
29.28408428956755 11.0
30.50612429132884 11.0
30.50612429132884 12.0
31.83026280859485 12.0
31.83026280859485 13.0
32.0 13.0
32.0 13.0
# total_scans #74
0.0 0.0
7.0 0.0
7.0 1.0
14.0 1.0
14.0 2.0
15.89483352564275 2.0
15.89483352564275 3.0
18.89483352564275 3.0
18.89483352564275 4.0
21.0 4.0
21.0 5.0
21.89483352564275 5.0
21.89483352564275 6.0
22.53380380338058 6.0
22.53380380338058 7.0
24.89483352564275 7.0
24.89483352564275 8.0
25.53380380338058 8.0
25.53380380338058 9.0
28.0 9.0
28.0 10.0
28.53380380338058 10.0
28.53380380338058 11.0
29.8570737298578 11.0
29.8570737298578 12.0
31.0 12.0
31.0 13.0
31.53380380338058 13.0
31.55362230431038 14.0
31.55362230431038 14.0
31.89483352564275 14.0
31.89483352564275 15.0
32.8570737298578 15.0
32.8570737298578 16.0
33.55362230431038 16.0
33.55362230431038 17.0
34.0 17.0
34.0 18.0
34.53380380338058 18.0
34.55362230431038 19.0
34.55362230431038 19.0
34.89483352564275 19.0
34.89483352564275 20.0
35.8570737298578 20.0
35.8570737298578 21.0
36.55362230431038 21.0
36.55362230431038 22.0
37.53380380338058 22.0
37.55362230431038 23.0
37.55362230431038 23.0
37.89483352564275 23.0
37.89483352564275 24.0
38.8570737298578 24.0
38.8570737298578 25.0
39.0 25.0
39.0 25.0
# total_scans #75
0.0 0.0
7.0 0.0
7.0 1.0
14.0 1.0
14.0 2.0
15.11875259969383 2.0
15.11875259969383 3.0
21.0 3.0
21.0 4.0
21.11875259969383 4.0
21.11875259969383 5.0
22.27848698128946 5.0
22.27848698128946 6.0
24.11875259969383 6.0
24.11875259969383 7.0
25.27848698128946 7.0
25.27848698128946 8.0
28.0 8.0
28.0 9.0
28.27848698128946 9.0
28.27848698128946 10.0
29.13781999224143 10.0
29.13781999224143 11.0
31.0 11.0
31.0 12.0
31.11875259969383 12.0
31.11875259969383 13.0
31.27848698128946 13.0
31.27848698128946 14.0
32.13781999224143 14.0
32.13781999224143 15.0
32.41315500489234 15.0
32.41315500489234 16.0
34.0 16.0
34.0 17.0
34.11875259969383 17.0
34.11875259969383 18.0
34.27848698128946 18.0
34.27848698128946 19.0
35.13781999224143 19.0
35.13781999224143 20.0
37.27848698128946 20.0
37.27848698128946 21.0
37.41315500489234 21.0
37.41315500489234 21.0
# total_scans #76
0.0 0.0
7.0 0.0
7.0 1.0
14.0 1.0
14.0 2.0
15.02148321387358 2.0
15.02148321387358 3.0
21.0 3.0
21.0 4.0
22.02148321387358 4.0
22.02148321387358 5.0
22.23666337605283 5.0
22.23666337605283 6.0
25.23666337605283 6.0
25.23666337605283 7.0
27.02148321387358 7.0
27.02148321387358 7.0
# total_scans #77
0.0 0.0
7.0 0.0
7.0 1.0
14.0 1.0
14.0 2.0
15.4473425145261 2.0
15.4473425145261 3.0
17.0 3.0
17.0 4.0
18.4473425145261 4.0
18.4473425145261 5.0
21.4473425145261 5.0
21.4473425145261 6.0
24.0 6.0
24.0 7.0
24.4473425145261 7.0
24.4473425145261 8.0
25.62614777963609 8.0
25.62614777963609 9.0
27.0 9.0
27.0 10.0
31.4473425145261 10.0
31.4473425145261 11.0
32.62614777963609 11.0
32.62614777963609 12.0
33.0 12.0
33.0 13.0
33.41847826348592 13.0
33.41847826348592 14.0
34.4473425145261 14.0
34.4473425145261 15.0
35.62614777963609 15.0
35.62614777963609 16.0
36.0 16.0
36.0 17.0
36.41847826348592 17.0
36.41847826348592 18.0
37.4473425145261 18.0
37.4473425145261 19.0
39.0 19.0
39.0 20.0
39.41847826348592 20.0
39.41847826348592 21.0
40.4473425145261 21.0
40.4473425145261 22.0
40.62614777963609 22.0
40.62614777963609 22.0
# total_scans #78
0.0 0.0
7.0 0.0
7.0 1.0
14.0 1.0
14.0 2.0
15.76985989976674 2.0
15.76985989976674 3.0
21.0 3.0
21.0 4.0
21.76985989976674 4.0
21.76985989976674 5.0
22.80487477965653 5.0
22.80487477965653 6.0
25.80487477965653 6.0
25.80487477965653 7.0
28.0 7.0
28.0 8.0
28.76985989976674 8.0
28.76985989976674 9.0
29.84915321684491 9.0
29.84915321684491 10.0
30.80487477965653 10.0
30.80487477965653 10.0
# total_scans #79
0.0 0.0
7.0 0.0
7.0 1.0
14.0 1.0
14.0 2.0
15.97684670006856 2.0
16.0 3.0
16.0 3.0
21.0 3.0
21.0 4.0
22.13685939996503 4.0
22.13685939996503 5.0
22.97684670006856 5.0
23.0 6.0
23.0 6.0
24.13155795729945 6.0
24.13685939996503 7.0
24.13685939996503 7.0
25.97684670006856 7.0
26.0 8.0
26.0 8.0
27.13685939996503 8.0
27.13685939996503 8.0
# total_scans #80
0.0 0.0
7.0 0.0
7.0 1.0
14.0 1.0
14.0 2.0
15.57056082296185 2.0
15.57056082296185 3.0
21.0 3.0
21.0 4.0
21.57056082296185 4.0
21.57056082296185 5.0
22.08336863783188 5.0
22.08336863783188 6.0
24.57056082296185 6.0
24.57056082296185 7.0
28.0 7.0
28.0 8.0
28.08336863783188 8.0
28.08336863783188 9.0
29.80362041769073 9.0
29.80362041769073 10.0
31.08336863783188 10.0
31.08336863783188 11.0
31.57056082296185 11.0
31.57056082296185 12.0
32.0 12.0
32.0 13.0
32.79783336794935 13.0
32.80362041769073 15.0
34.08336863783188 15.0
34.08336863783188 16.0
34.57056082296185 16.0
34.57056082296185 17.0
35.0 17.0
35.0 18.0
35.79783336794935 18.0
35.80362041769073 20.0
37.08336863783188 20.0
37.08336863783188 21.0
37.57056082296185 21.0
37.57056082296185 22.0
38.79783336794935 22.0
38.80362041769073 24.0
40.0 24.0
40.0 24.0
# total_scans #81
0.0 0.0
7.0 0.0
7.0 1.0
14.0 1.0
14.0 2.0
15.87414937722497 2.0
15.87414937722497 3.0
17.0 3.0
17.0 4.0
22.87414937722497 4.0
22.87414937722497 5.0
23.0 5.0
23.0 6.0
23.98733595153317 6.0
24.0 7.0
24.0 7.0
25.87414937722497 7.0
25.87414937722497 8.0
30.0 8.0
30.0 9.0
30.98733595153317 9.0
31.0 10.0
31.0 10.0
31.7775080059655 10.0
31.7775080059655 11.0
32.87414937722497 11.0
32.87414937722497 12.0
33.0 12.0
33.0 13.0
33.98733595153317 13.0
34.0 14.0
34.0 14.0
34.62385711596927 14.0
34.62385711596927 15.0
35.87414937722497 15.0
35.87414937722497 16.0
36.0 16.0
36.0 17.0
36.7775080059655 17.0
36.7775080059655 17.0
# total_scans #82
0.0 0.0
7.0 0.0
7.0 1.0
14.0 1.0
14.0 2.0
15.90648356149904 2.0
15.90648356149904 3.0
21.0 3.0
21.0 4.0
22.69596499064937 4.0
22.69596499064937 5.0
22.90648356149904 5.0
22.90648356149904 6.0
24.0 6.0
24.0 7.0
24.5030363994294 7.0
24.5030363994294 8.0
25.69596499064937 8.0
25.69596499064937 9.0
25.90648356149904 9.0
25.90648356149904 10.0
27.0 10.0
27.0 11.0
27.5030363994294 11.0
27.5030363994294 12.0
28.90648356149904 12.0
28.90648356149904 13.0
30.0 13.0
30.0 14.0
30.5030363994294 14.0
30.5030363994294 15.0
32.69596499064937 15.0
32.69596499064937 16.0
33.0 16.0
33.0 17.0
33.83147390885279 17.0
33.83147390885279 18.0
33.90648356149904 18.0
33.90648356149904 18.0
# total_scans #83
0.0 0.0
7.0 0.0
7.0 1.0
14.0 1.0
14.0 2.0
15.30938258604147 2.0
15.30938258604147 3.0
21.0 3.0
21.0 4.0
22.30938258604147 4.0
22.30938258604147 5.0
22.48725949539486 5.0
22.48725949539486 6.0
24.0 6.0
24.0 7.0
25.30938258604147 7.0
25.30938258604147 8.0
25.48725949539486 8.0
25.48725949539486 9.0
27.0 9.0
27.0 10.0
28.30938258604147 10.0
28.30938258604147 11.0
32.48725949539486 11.0
32.48725949539486 12.0
33.0 12.0
33.0 13.0
33.30938258604147 13.0
33.30938258604147 13.0
# total_scans #84
0.0 0.0
7.0 0.0
7.0 1.0
14.0 1.0
14.0 2.0
15.08458234369755 2.0
15.08458234369755 3.0
21.0 3.0
21.0 4.0
22.08458234369755 4.0
22.08458234369755 5.0
22.45592561703156 5.0
22.45592561703156 6.0
25.08458234369755 6.0
25.08458234369755 7.0
25.45592561703156 7.0
25.45592561703156 8.0
28.0 8.0
28.0 9.0
28.08458234369755 9.0
28.08458234369755 10.0
28.45592561703156 10.0
28.45592561703156 11.0
29.03863355470821 11.0
29.03863355470821 12.0
31.0 12.0
31.0 13.0
31.08458234369755 13.0
31.08458234369755 14.0
32.03863355470821 14.0
32.03863355470821 15.0
33.45592561703156 15.0
33.45592561703156 15.0
# total_scans #85
0.0 0.0
7.0 0.0
7.0 1.0
14.0 1.0
14.0 2.0
15.64839272899553 2.0
15.64839272899553 3.0
18.64839272899553 3.0
18.64839272899553 4.0
21.0 4.0
21.0 5.0
22.29346994077787 5.0
22.29346994077787 6.0
24.0 6.0
24.0 7.0
25.64839272899553 7.0
25.64839272899553 8.0
26.81075688498095 8.0
26.81075688498095 9.0
27.0 9.0
27.0 10.0
28.64839272899553 10.0
28.64839272899553 11.0
29.29346994077787 11.0
29.29346994077787 12.0
29.81075688498095 12.0
29.81075688498095 13.0
30.0 13.0
30.0 14.0
30.51556360861287 14.0
30.51556360861287 15.0
31.64839272899553 15.0
31.64839272899553 16.0
32.81075688498095 16.0
32.81075688498095 17.0
33.0 17.0
33.0 18.0
33.51556360861287 18.0
33.51556360861287 19.0
34.29346994077787 19.0
34.29346994077787 19.0
# total_scans #86
0.0 0.0
7.0 0.0
7.0 1.0
14.0 1.0
14.0 2.0
15.74271783744916 2.0
15.74271783744916 3.0
21.0 3.0
21.0 4.0
22.60802788520232 4.0
22.60802788520232 5.0
22.74271783744916 5.0
22.74271783744916 6.0
23.83098996477202 6.0
23.83098996477202 7.0
25.74271783744916 7.0
25.74271783744916 8.0
27.60802788520232 8.0
27.60802788520232 8.0
# total_scans #87
0.0 0.0
7.0 0.0
7.0 1.0
14.0 1.0
14.0 2.0
15.23022501496598 2.0
15.23022501496598 3.0
18.23022501496598 3.0
18.23022501496598 4.0
21.0 4.0
21.0 5.0
21.23022501496598 5.0
21.23022501496598 6.0
22.28181834891438 6.0
22.28181834891438 7.0
24.0 7.0
24.0 8.0
27.0 8.0
27.0 9.0
28.23022501496598 9.0
28.23022501496598 10.0
29.28181834891438 10.0
29.28181834891438 11.0
30.0 11.0
30.0 12.0
30.1897500199929 12.0
30.1897500199929 13.0
31.23022501496598 13.0
31.23022501496598 14.0
32.28181834891438 14.0
32.28181834891438 15.0
35.0 15.0
35.0 15.0
# total_scans #88
0.0 0.0
7.0 0.0
7.0 1.0
14.0 1.0
14.0 2.0
15.07900201459415 2.0
15.07900201459415 3.0
17.0 3.0
17.0 4.0
18.07900201459415 4.0
18.07900201459415 5.0
24.0 5.0
24.0 6.0
24.07900201459415 6.0
24.07900201459415 7.0
25.79456026479602 7.0
25.79456026479602 8.0
27.0 8.0
27.0 9.0
30.0 9.0
30.0 10.0
31.07900201459415 10.0
31.07900201459415 11.0
31.79456026479602 11.0
31.79456026479602 12.0
32.26505743409507 12.0
32.26505743409507 13.0
33.0 13.0
33.0 14.0
34.07900201459415 14.0
34.07900201459415 15.0
34.79456026479602 15.0
34.79456026479602 16.0
35.26505743409507 16.0
35.26505743409507 17.0
37.79456026479602 17.0
37.79456026479602 18.0
38.26505743409507 18.0
38.26505743409507 19.0
39.07900201459415 19.0
39.07900201459415 19.0
# total_scans #89
0.0 0.0
7.0 0.0
7.0 1.0
14.0 1.0
14.0 2.0
15.86856207135133 2.0
15.86856207135133 3.0
21.0 3.0
21.0 4.0
21.86856207135133 4.0
21.86856207135133 5.0
22.24866066663526 5.0
22.24866066663526 6.0
24.86856207135133 6.0
24.86856207135133 7.0
28.0 7.0
28.0 8.0
28.86856207135133 8.0
28.86856207135133 9.0
29.24866066663526 9.0
29.24866066663526 10.0
29.30307242017147 10.0
29.30307242017147 11.0
31.0 11.0
31.0 12.0
31.86856207135133 12.0
31.86856207135133 13.0
32.24866066663526 13.0
32.24866066663526 14.0
32.30307242017147 14.0
32.30307242017147 15.0
34.86856207135133 15.0
34.86856207135133 16.0
36.0 16.0
36.0 16.0
# total_scans #90
0.0 0.0
7.0 0.0
7.0 1.0
14.0 1.0
14.0 2.0
15.38449558848515 2.0
15.38449558848515 3.0
17.0 3.0
17.0 4.0
22.38449558848515 4.0
22.38449558848515 5.0
24.0 5.0
24.0 6.0
24.38214678498699 6.0
24.38214678498699 7.0
25.38449558848515 7.0
25.38449558848515 8.0
27.0 8.0
27.0 9.0
30.0 9.0
30.0 10.0
30.38449558848515 10.0
30.38449558848515 10.0
# total_scans #91
0.0 0.0
7.0 0.0
7.0 1.0
14.0 1.0
14.0 2.0
15.42639866587706 2.0
15.42639866587706 3.0
21.0 3.0
21.0 4.0
22.11372433067299 4.0
22.11372433067299 5.0
22.42639866587706 5.0
22.42639866587706 6.0
24.0 6.0
24.0 7.0
24.05088771196499 7.0
24.05088771196499 8.0
25.11372433067299 8.0
25.11372433067299 9.0
27.0 9.0
27.0 10.0
27.05088771196499 10.0
27.05088771196499 11.0
28.11372433067299 11.0
28.11372433067299 12.0
29.42639866587706 12.0
29.42639866587706 13.0
30.0 13.0
30.0 14.0
30.05088771196499 14.0
30.05088771196499 15.0
31.03088321583346 15.0
31.05088771196499 16.0
31.05088771196499 16.0
33.0 16.0
33.0 17.0
33.05088771196498 17.0
33.05088771196498 18.0
33.11372433067299 18.0
33.11372433067299 18.0
# total_scans #92
0.0 0.0
7.0 0.0
7.0 1.0
14.0 1.0
14.0 2.0
15.06524564907886 2.0
15.06524564907886 3.0
21.0 3.0
21.0 4.0
21.06524564907886 4.0
21.06524564907886 5.0
22.68504301598296 5.0
22.68504301598296 6.0
24.0 6.0
24.0 7.0
27.0 7.0
27.0 8.0
28.06524564907886 8.0
28.06524564907886 9.0
29.68504301598296 9.0
29.68504301598296 10.0
30.0 10.0
30.0 11.0
30.03099822540299 11.0
30.03099822540299 12.0
31.06524564907886 12.0
31.06524564907886 13.0
32.68504301598296 13.0
32.68504301598296 14.0
33.0 14.0
33.0 15.0
33.03099822540299 15.0
33.03099822540299 16.0
34.06524564907886 16.0
34.06524564907886 17.0
35.68504301598296 17.0
35.68504301598296 18.0
36.0 18.0
36.0 19.0
37.06524564907886 19.0
37.06524564907886 20.0
38.03099822540299 20.0
38.03099822540299 20.0
# total_scans #93
0.0 0.0
7.0 0.0
7.0 1.0
14.0 1.0
14.0 2.0
15.21761977532879 2.0
15.21761977532879 3.0
17.0 3.0
17.0 4.0
22.21761977532879 4.0
22.21761977532879 5.0
23.0 5.0
23.0 6.0
23.29409526661038 6.0
23.29409526661038 7.0
25.21761977532879 7.0
25.21761977532879 8.0
26.0 8.0
26.0 9.0
26.29409526661038 9.0
26.29409526661038 10.0
32.21761977532879 10.0
32.21761977532879 11.0
33.0 11.0
33.0 12.0
33.29409526661038 12.0
33.29409526661038 13.0
33.64235273797624 13.0
33.64235273797624 14.0
35.21761977532879 14.0
35.21761977532879 15.0
36.0 15.0
36.0 16.0
36.29409526661038 16.0
36.29409526661038 17.0
36.64235273797624 17.0
36.64235273797624 18.0
38.21761977532879 18.0
38.21761977532879 19.0
39.29409526661038 19.0
39.29409526661038 20.0
41.0 20.0
41.0 20.0
# total_scans #94
0.0 0.0
7.0 0.0
7.0 1.0
14.0 1.0
14.0 2.0
15.50203732936643 2.0
15.50203732936643 3.0
17.0 3.0
17.0 4.0
22.50203732936643 4.0
22.50203732936643 5.0
23.73938302043825 5.0
23.73938302043825 6.0
24.0 6.0
24.0 7.0
25.50203732936643 7.0
25.50203732936643 8.0
25.91222589420206 8.0
25.91222589420206 9.0
26.73938302043825 9.0
26.73938302043825 10.0
27.0 10.0
27.0 11.0
28.91222589420206 11.0
28.91222589420206 12.0
29.73938302043825 12.0
29.73938302043825 13.0
30.0 13.0
30.0 14.0
32.50203732936643 14.0
32.50203732936643 15.0
32.73938302043825 15.0
32.73938302043825 16.0
32.91222589420207 16.0
32.91222589420207 17.0
34.30165215798448 17.0
34.30165215798448 18.0
35.0 18.0
35.0 18.0
# total_scans #95
0.0 0.0
7.0 0.0
7.0 1.0
14.0 1.0
14.0 2.0
15.29122475162148 2.0
15.29122475162148 3.0
17.0 3.0
17.0 4.0
22.29122475162148 4.0
22.29122475162148 5.0
23.0 5.0
23.0 6.0
24.04916752642021 6.0
24.04916752642021 7.0
25.29122475162148 7.0
25.29122475162148 8.0
26.0 8.0
26.0 9.0
27.04916752642021 9.0
27.04916752642021 10.0
30.04916752642021 10.0
30.04916752642021 11.0
32.29122475162148 11.0
32.29122475162148 12.0
33.0 12.0
33.0 13.0
33.04916752642021 13.0
33.04916752642021 14.0
33.39385440992191 14.0
33.39385440992191 15.0
35.29122475162148 15.0
35.29122475162148 16.0
36.0 16.0
36.0 17.0
36.39385440992191 17.0
36.39385440992191 18.0
38.29122475162148 18.0
38.29122475162148 19.0
39.0 19.0
39.0 20.0
39.39385440992191 20.0
39.39385440992191 21.0
40.04916752642021 21.0
40.04916752642021 22.0
41.16785753099248 22.0
41.16785753099248 23.0
41.29122475162148 23.0
41.29122475162148 24.0
42.0 24.0
42.0 25.0
43.04916752642021 25.0
43.04916752642021 26.0
44.16785753099248 26.0
44.16785753099248 27.0
44.29122475162148 27.0
44.29122475162148 28.0
44.39385440992191 28.0
44.39385440992191 28.0
# total_scans #96
0.0 0.0
7.0 0.0
7.0 1.0
14.0 1.0
14.0 2.0
15.20577332843095 2.0
15.20577332843095 3.0
17.0 3.0
17.0 4.0
22.20577332843095 4.0
22.20577332843095 5.0
23.0 5.0
23.0 6.0
23.80205603688955 6.0
23.80205603688955 7.0
28.80205603688955 7.0
28.80205603688955 7.0
# total_scans #97
0.0 0.0
7.0 0.0
7.0 1.0
14.0 1.0
14.0 2.0
15.8178519832436 2.0
15.8178519832436 3.0
17.0 3.0
17.0 4.0
20.0 4.0
20.0 5.0
22.8178519832436 5.0
22.8178519832436 6.0
23.8671707585454 6.0
23.8671707585454 7.0
26.8671707585454 7.0
26.8671707585454 8.0
27.0 8.0
27.0 9.0
28.2154373510275 9.0
28.2154373510275 10.0
29.8178519832436 10.0
29.8178519832436 11.0
29.8671707585454 11.0
29.8671707585454 12.0
30.0 12.0
30.0 13.0
31.2154373510275 13.0
31.2154373510275 14.0
31.563168516849 14.0
31.563168516849 15.0
32.8178519832436 15.0
32.8178519832436 16.0
32.8671707585454 16.0
32.8671707585454 17.0
33.0 17.0
33.0 18.0
34.563168516849 18.0
34.563168516849 19.0
35.8178519832436 19.0
35.8178519832436 20.0
35.8671707585454 20.0
35.8671707585454 21.0
36.0 21.0
36.0 22.0
36.2154373510275 22.0
36.2154373510275 22.0
# total_scans #98
0.0 0.0
7.0 0.0
7.0 1.0
14.0 1.0
14.0 2.0
15.01227937196381 2.0
15.01227937196381 3.0
21.0 3.0
21.0 4.0
22.01227937196381 4.0
22.01227937196381 5.0
22.30212319403341 5.0
22.30212319403341 6.0
25.01227937196381 6.0
25.01227937196381 7.0
25.30212319403341 7.0
25.30212319403341 8.0
28.0 8.0
28.01227937196381 10.0
29.99773108757331 10.0
30.0 11.0
30.0 11.0
30.30212319403341 11.0
30.30212319403341 11.0
# total_scans #99
0.0 0.0
7.0 0.0
7.0 1.0
14.0 1.0
14.0 2.0
15.42797306459397 2.0
15.42797306459397 3.0
21.0 3.0
21.0 4.0
22.23892648075707 4.0
22.23892648075707 5.0
22.42797306459397 5.0
22.42797306459397 6.0
23.99338460131548 6.0
24.0 8.0
27.42797306459397 8.0
27.42797306459397 8.0
# total_scans #100
0.0 0.0
7.0 0.0
7.0 1.0
14.0 1.0
14.0 2.0
15.43545571924187 2.0
15.43545571924187 3.0
21.0 3.0
21.0 4.0
22.29053532751277 4.0
22.29053532751277 5.0
22.43545571924187 5.0
22.43545571924187 6.0
23.44710982567631 6.0
23.44710982567631 7.0
25.43545571924187 7.0
25.44710982567631 8.0
25.44710982567631 8.0
28.0 8.0
28.0 9.0
28.29053532751277 9.0
28.29053532751277 10.0
28.44710982567631 10.0
28.44710982567631 11.0
29.04344981978647 11.0
29.04344981978647 12.0
30.43545571924187 12.0
30.43545571924187 12.0